n-reinas | Soluciones distintas | Todas las soluciones | Una solución

    1    |         1            |          1           |       [0]    
    2    |         0            |          0           |       No hay solución
    3    |         0            |          0           |       No hay solución
    4    |         1            |          2           |       [1, 3, 0, 2]
    5    |         2            |          10          |       [0, 2, 4, 1, 3]
    6    |         1            |          4           |       [1, 3, 5, 0, 2, 4]
    7    |         6            |          40          |       [0, 2, 4, 6, 1, 3, 5]
    8    |         12           |          92          |       [0, 4, 7, 5, 2, 6, 1, 3]
    9    |         46           |          352         |       [0, 2, 5, 7, 1, 3, 8, 6, 4]
    10   |         92           |          724         |       [0, 2, 5, 7, 9, 4, 8, 1, 3, 6]
    15   |         285053       |          2279184     |       [0, 2, 4, 1, 9, 11, 13, 3, 12, 8, 5, 14, 6, 10, 7]